circle,division,subdivision,section,area,catdesc,catcode,totservices,billdservices,units,load
BANJARA HILLS,BANJARA HILLS,AMEERPET,SRI KRISHNA NAGAR,CT METERS-GRC,EV CHARGING STATIONS,9,1,1.0,4182.0,54.0
BANJARA HILLS,BANJARA HILLS,JUBILEE HILLS,JUBILEE HILLS,HV ROAD 22 TO 35,EV CHARGING STATIONS,9,1,1.0,0.0,50.0
BANJARA HILLS,BANJARA HILLS,JUBILEE HILLS,JUBILEE HILLS,HV ROAD NO 56 TO 68 & 10 TO 22,EV CHARGING STATIONS,9,1,1.0,15.0,15.0
BANJARA HILLS,BANJARA HILLS,AMEERPET,YELLA REDDY GUDA,GRC HIGH VALUES,EV CHARGING STATIONS,9,1,,0.0,53.0
BANJARA HILLS,GREEN LANDS,GREENLANDS,BEGUMPET,"GRC - P.GADDA, P.NAGAR",EV CHARGING STATIONS,9,1,1.0,484.0,10.0
BANJARA HILLS,GREEN LANDS,GREENLANDS,BEGUMPET,GRC. SHYAMLAL,EV CHARGING STATIONS,9,1,1.0,1725.0,22.0
BANJARA HILLS,BANJARA HILLS,JUBILEE HILLS,MADHAPUR,"JAYABHERI ENCLAVE, OFFI BESIDE",EV CHARGING STATIONS,9,3,2.0,25144.0,128.0
BANJARA HILLS,BANJARA HILLS,JUBILEE HILLS,MADHAPUR,KAVURI HILLS,EV CHARGING STATIONS,9,1,1.0,9333.0,54.0
BANJARA HILLS,BANJARA HILLS,JUBILEE HILLS,MADHAPUR,"VITTAL RAO NAGAR,GAFOORNAGAR",EV CHARGING STATIONS,9,2,2.0,0.0,3.0
BANJARA HILLS,GREEN LANDS,GREENLANDS,GREENLANDS,GRC HV GREENLANDS,EV CHARGING STATIONS,9,1,1.0,187.0,10.0
BANJARA HILLS,BANJARA HILLS,AMEERPET,YOUSUFGUDA,PRAGATHINAGAR-1,EV CHARGING STATIONS,9,1,1.0,119.0,8.0
BANJARA HILLS,BANJARA HILLS,BANJARA HILLS,BANJARA HILLS,HV ROAD NO 2 AND 3,EV CHARGING STATIONS,9,2,2.0,0.0,108.0
BANJARA HILLS,BANJARA HILLS,BANJARA HILLS,BANJARA HILLS,"HV ROAD NO 7,8,9,10 AND 11",EV CHARGING STATIONS,9,1,1.0,22.0,54.0
BANJARA HILLS,GREEN LANDS,GREENLANDS,SANJEEV REDDY NAGAR,CT METERS,EV CHARGING STATIONS,9,1,1.0,3569.0,53.0
BANJARA HILLS,BANJARA HILLS,BANJARA HILLS,FILM NAGAR,GRC HIGH VALUES RDNO-12&13 BAN,EV CHARGING STATIONS,9,1,1.0,3321.0,54.0
BANJARA HILLS,BANJARA HILLS,BANJARA HILLS,FILM NAGAR,GRC-JUBILEE HILLS &FILM NAGAR ,EV CHARGING STATIONS,9,2,2.0,1908.0,109.0
BANJARA HILLS,GREEN LANDS,SANATH NAGAR,SANATHNAGAR,CT METERS,EV CHARGING STATIONS,9,3,2.0,4626.0,161.0
BANJARA HILLS,GREEN LANDS,SANATH NAGAR,ERRAGADDA,NEW ERRAGADDA,EV CHARGING STATIONS,9,1,1.0,5389.0,25.0
CYBERCITY,KONDAPUR,KPHB,BALAJI NAGAR,BALAJINAGAR CT METERS,EV CHARGING STATIONS,9,1,1.0,11972.0,56.0
CYBERCITY,GACHIBOWLI,GACHIBOWLI,GACHIBOWLI,JOURNALIST COLONY ,EV CHARGING STATIONS,9,1,1.0,1301.0,5.0
CYBERCITY,GACHIBOWLI,GACHIBOWLI,GACHIBOWLI,NANAKRAMGUDA-2,EV CHARGING STATIONS,9,2,2.0,12810.0,57.0
CYBERCITY,GACHIBOWLI,GACHIBOWLI,NALLAGANDLA,GULMOHAR & DUBE COLONY,EV CHARGING STATIONS,9,1,1.0,1141.0,54.0
CYBERCITY,GACHIBOWLI,CHANDA NAGAR,CHANDA NAGAR,CHANDANAGAR-HV,EV CHARGING STATIONS,9,1,1.0,551.0,22.0
CYBERCITY,GACHIBOWLI,CHANDA NAGAR,CHANDA NAGAR,PRKASHNAGAR,EV CHARGING STATIONS,9,1,1.0,7017.0,12.0
CYBERCITY,GACHIBOWLI,CHANDA NAGAR,HAFEEZPET,MIYAPUR HV,EV CHARGING STATIONS,9,1,1.0,1944.0,45.0
CYBERCITY,GACHIBOWLI,GACHIBOWLI,TARANAGAR,TARANAGAR GOVT,EV CHARGING STATIONS,9,2,2.0,3581.0,108.0
CYBERCITY,KONDAPUR,KONDAPUR,KONDAPUR,HV,EV CHARGING STATIONS,9,1,1.0,954.0,20.0
CYBERCITY,KONDAPUR,KONDAPUR,KONDAPUR,HV-3,EV CHARGING STATIONS,9,2,1.0,2899.0,103.0
CYBERCITY,GACHIBOWLI,CHANDA NAGAR,VASANTH NAGAR,GOPALA NAGAR,EV CHARGING STATIONS,9,1,1.0,2614.0,5.0
CYBERCITY,GACHIBOWLI,CHANDA NAGAR,VASANTH NAGAR,PRAJAY MEGAPOLIS PVT LTD,EV CHARGING STATIONS,9,2,2.0,0.0,4.0
CYBERCITY,KONDAPUR,KONDAPUR,KONDAPUR,RAGHAVENDRA CLNY,EV CHARGING STATIONS,9,1,1.0,566.0,9.0
CYBERCITY,KONDAPUR,KPHB,BALAJI NAGAR,MOOSAPET,EV CHARGING STATIONS,9,1,1.0,1400.0,5.0
CYBERCITY,KONDAPUR,KONDAPUR,KONDAPUR,SHILPA VALLY,EV CHARGING STATIONS,9,1,1.0,0.0,5.0
CYBERCITY,KONDAPUR,KONDAPUR,WHITE FIELD,GACHIBOWLI,EV CHARGING STATIONS,9,1,1.0,3494.0,54.0
CYBERCITY,KONDAPUR,KPHB,BALAJI NAGAR,VIVEKNAGAR,EV CHARGING STATIONS,9,1,1.0,0.0,5.0
CYBERCITY,GACHIBOWLI,GACHIBOWLI,GACHIBOWLI,CT-APHB COLONY,EV CHARGING STATIONS,9,4,4.0,28225.0,216.0
CYBERCITY,KONDAPUR,KONDAPUR,WHITE FIELD,HV WHITEFIELD,EV CHARGING STATIONS,9,1,1.0,0.0,52.0
CYBERCITY,KONDAPUR,KPHB,K P H B COLONY,RAINTREE PARK,EV CHARGING STATIONS,9,1,1.0,4169.0,54.0
CYBERCITY,GACHIBOWLI,GACHIBOWLI,GACHIBOWLI,HV GOWLI DODDI,EV CHARGING STATIONS,9,1,1.0,3175.0,55.0
CYBERCITY,IBRAHIMBAGH,IBRAHIMBAG,IBRAHIMBAGH,LAKSHMI NAGAR,EV CHARGING STATIONS,9,1,1.0,663.0,7.0
CYBERCITY,IBRAHIMBAGH,IBRAHIMBAG,NARSINGI,RAMDEVGUDA,EV CHARGING STATIONS,9,1,1.0,1080.0,54.0
CYBERCITY,IBRAHIMBAGH,IBRAHIMBAG,IBRAHIMBAGH,POKALWADA,EV CHARGING STATIONS,9,1,1.0,8750.0,55.0
CYBERCITY,IBRAHIMBAGH,IBRAHIMBAG,NARSINGI,IBRAHIMBAGH,EV CHARGING STATIONS,9,1,1.0,0.0,54.0
CYBERCITY,KONDAPUR,KONDAPUR,ALLAPUR,H.V,EV CHARGING STATIONS,9,1,,0.0,53.0
CYBERCITY,KONDAPUR,KONDAPUR,ALLAPUR,"H.V AYYAPPA,GURUKUL,THANDA",EV CHARGING STATIONS,9,1,1.0,179.0,15.0
GADWAL,GADWAL,ALAMPUR X ROAD,ITIKYAL(ERRAVALLY),PUTANDODDI,EV CHARGING STATIONS,9,1,1.0,187.0,25.0
GADWAL,GADWAL,ALAMPUR X ROAD,ITIKYAL(ERRAVALLY),VEMULA,EV CHARGING STATIONS,9,1,1.0,1.0,50.0
GADWAL,GADWAL,ALAMPUR X ROAD,UNDAVELLY,A.PURCHOWRASTA,EV CHARGING STATIONS,9,3,3.0,8838.0,131.0
GADWAL,GADWAL,ALAMPUR X ROAD,UNDAVELLY,UNDAVELLY,EV CHARGING STATIONS,9,1,1.0,233.0,30.0
HABSIGUDA,HABSIGUDA,HABSIGUDA,NACHARAM,IDA NACHARAM,EV CHARGING STATIONS,9,2,2.0,842.0,28.65
HABSIGUDA,HABSIGUDA,HABSIGUDA,NACHARAM,KOUNDINYA NAGAR,EV CHARGING STATIONS,9,1,1.0,4379.0,28.0
HABSIGUDA,HABSIGUDA,HABSIGUDA,NACHARAM,NACHARAM HV CT METERS,EV CHARGING STATIONS,9,2,2.0,2294.0,69.0
HABSIGUDA,HABSIGUDA,UPPAL,UPPAL,ANNAPURNA NAGAR,EV CHARGING STATIONS,9,1,1.0,471.0,54.0
HABSIGUDA,HABSIGUDA,UPPAL,UPPAL,UPPAL,EV CHARGING STATIONS,9,1,1.0,648.0,54.0
HABSIGUDA,KEESARA,KEESARA,NAGARAM,NAGARAM,EV CHARGING STATIONS,9,1,,0.0,15.0
HABSIGUDA,HABSIGUDA,HABSIGUDA,HABSIGUDA,HBG (CTM),EV CHARGING STATIONS,9,1,1.0,0.0,54.0
HABSIGUDA,HABSIGUDA,UPPAL,UPPAL BAGAYATH,HV BAGAYATH,EV CHARGING STATIONS,9,1,1.0,3852.0,54.0
HABSIGUDA,HABSIGUDA,HABSIGUDA,HABSIGUDA,JAI SANTHOSHI NAGAR,EV CHARGING STATIONS,9,1,1.0,3250.0,28.0
HABSIGUDA,HABSIGUDA,UPPAL,UPPAL BAGAYATH,HV IDA UPPAL,EV CHARGING STATIONS,9,1,1.0,1974.0,29.92
HABSIGUDA,HABSIGUDA,HABSIGUDA,MALLAPUR,IDA MALLAPUR LT,EV CHARGING STATIONS,9,1,1.0,3538.0,17.0
HABSIGUDA,HABSIGUDA,HABSIGUDA,MALLAPUR,LT/HT SERVICES MALLAPUR,EV CHARGING STATIONS,9,1,,0.0,54.0
HABSIGUDA,HABSIGUDA,HABSIGUDA,MALLAPUR,SRINIVASA SCHOOL,EV CHARGING STATIONS,9,1,1.0,2114.0,14.0
HABSIGUDA,HABSIGUDA,HABSIGUDA,MALLAPUR,STREET LIGHTS & PWS,EV CHARGING STATIONS,9,1,1.0,1262.0,54.0
HABSIGUDA,HABSIGUDA,HABSIGUDA,NACHARAM,CT METERS DOMESTIC AREA,EV CHARGING STATIONS,9,2,2.0,1754.0,108.0
HABSIGUDA,SAINIKPURI,SAINIKPURI,YAPRAL,KOWKOOR NON CT SERVICES,EV CHARGING STATIONS,9,1,1.0,592.0,14.0
HABSIGUDA,SAINIKPURI,SAINIKPURI,YAPRAL,MAITHRI V.GUDA NON CT SERVICES,EV CHARGING STATIONS,9,1,1.0,5811.0,17.0
HABSIGUDA,SAINIKPURI,A S RAO NAGAR,NEREDMET,R.K PURAM,EV CHARGING STATIONS,9,1,1.0,1137.0,53.0
HABSIGUDA,SAINIKPURI,SAINIKPURI,YAPRAL,SRI DEVI KALYAN ESTATES,EV CHARGING STATIONS,9,1,1.0,1451.0,10.0
HABSIGUDA,SAINIKPURI,A S RAO NAGAR,A S RAO NAGAR,ASRAO NAGAR (HV),EV CHARGING STATIONS,9,1,1.0,3731.0,54.0
HABSIGUDA,SAINIKPURI,A S RAO NAGAR,A S RAO NAGAR,KAMALA NAGAR (HV),EV CHARGING STATIONS,9,1,1.0,1878.0,54.0
HABSIGUDA,SAINIKPURI,A S RAO NAGAR,A S RAO NAGAR,M J COLONY,EV CHARGING STATIONS,9,1,1.0,3146.0,17.0
HABSIGUDA,SAINIKPURI,A S RAO NAGAR,A S RAO NAGAR,MOULA - ALI (HV),EV CHARGING STATIONS,9,1,1.0,690.0,22.0
HABSIGUDA,SAINIKPURI,CHERLAPALLY,CHERLAPALLY-I,PHASE-IV(4),EV CHARGING STATIONS,9,1,1.0,1167.0,54.0
HABSIGUDA,SAINIKPURI,SAINIKPURI,SAINIKPURI,SAINIKPURI,EV CHARGING STATIONS,9,1,1.0,4217.0,54.0
HABSIGUDA,SAINIKPURI,A S RAO NAGAR,MOULAALI,HV-I,EV CHARGING STATIONS,9,1,1.0,1204.0,54.0
HABSIGUDA,SAINIKPURI,CHERLAPALLY,CHERLAPALLY-II,N N COLONY,EV CHARGING STATIONS,9,1,1.0,0.0,40.0
HABSIGUDA,SAINIKPURI,SAINIKPURI,SAINIKPURI,SANIKPURI,EV CHARGING STATIONS,9,1,1.0,170.0,11.0
HABSIGUDA,SAINIKPURI,CHERLAPALLY,CHERLAPALLY-II,PHASE-II(2) KRUPP,EV CHARGING STATIONS,9,1,,0.0,54.0
HABSIGUDA,SAINIKPURI,CHERLAPALLY,CHERLAPALLY-II,PHASE-IIA (6) OFFICE BACK SIDE,EV CHARGING STATIONS,9,1,1.0,1865.0,54.0
HABSIGUDA,SAINIKPURI,SAINIKPURI,SAINIKPURI,SRINIVAS NAGAR 2,EV CHARGING STATIONS,9,1,1.0,0.0,2.0
HABSIGUDA,SAINIKPURI,A S RAO NAGAR,MOULAALI,OLD MOULALI,EV CHARGING STATIONS,9,1,1.0,1821.0,12.0
HABSIGUDA,SAINIKPURI,SAINIKPURI,KUSHAIGUDA, HV / HV,EV CHARGING STATIONS,9,1,1.0,41.0,54.0
HABSIGUDA,SAINIKPURI,A S RAO NAGAR,MOULAALI,SADULLA NAGAR,EV CHARGING STATIONS,9,1,1.0,533.0,5.0
HABSIGUDA,SAINIKPURI,A S RAO NAGAR,MOULAALI,UPPERGUDA,EV CHARGING STATIONS,9,2,2.0,0.0,4.0
HABSIGUDA,SAINIKPURI,SAINIKPURI,YAPRAL,JJ NAGAR VAMPUGUDA-CT METERS,EV CHARGING STATIONS,9,2,2.0,5238.0,65.0
HYDERABAD CENTRAL,SAIFABAD,HYDERGUDA,GUNFOUNDRY,"FATE MAINDAN, K VENUGOPALA CHA",EV CHARGING STATIONS,9,1,1.0,5423.0,54.0
HYDERABAD CENTRAL,AZAMABAD,BARKATPURA,SHANKARMUTT,CT METER,EV CHARGING STATIONS,9,1,1.0,1728.0,54.0
HYDERABAD CENTRAL,AZAMABAD,BARKATPURA,SHANKARMUTT,GRC HV SHANKARMUTT,EV CHARGING STATIONS,9,1,1.0,244.0,15.0
HYDERABAD CENTRAL,SAIFABAD,HYDERGUDA,HIMAYAT NAGAR,GRC- ASSISTANT ENGINEER,EV CHARGING STATIONS,9,1,1.0,0.0,54.0
HYDERABAD CENTRAL,AZAMABAD,AMBERPET,AMBERPET,CT METER,EV CHARGING STATIONS,9,2,2.0,1080.0,108.0
HYDERABAD CENTRAL,SAIFABAD,INDIRA PARK,KAVADIGUDA,GRC CT SECTION,EV CHARGING STATIONS,9,3,3.0,1938.0,162.0
HYDERABAD CENTRAL,AZAMABAD,AMBERPET,GOLNAKA,MARUTHI NAGAR,EV CHARGING STATIONS,9,1,1.0,0.0,17.0
HYDERABAD CENTRAL,SAIFABAD,SAIFABAD,SAIFABAD,BJR COLLEGE ROAD,EV CHARGING STATIONS,9,1,1.0,6861.0,54.0
HYDERABAD CENTRAL,SAIFABAD,SAIFABAD,SAIFABAD,BOAT CLUB (HYDERABAD),EV CHARGING STATIONS,9,1,1.0,2880.0,53.0
HYDERABAD CENTRAL,SAIFABAD,HYDERGUDA,ABIDS,GRC-1,EV CHARGING STATIONS,9,1,1.0,1403.0,54.0
HYDERABAD CENTRAL,SAIFABAD,SAIFABAD,SOMAJIGUDA,AMRUTHA ESTATE(MEDINOVA),EV CHARGING STATIONS,9,1,1.0,210.0,54.0
HYDERABAD CENTRAL,SAIFABAD,SAIFABAD,SOMAJIGUDA,KAPADIA LANE,EV CHARGING STATIONS,9,1,1.0,1112.0,22.0
HYDERABAD CENTRAL,MEHDIPATNAM,MEHDIPATNAM,SURYANAGAR,GRC CT METERS,EV CHARGING STATIONS,9,1,1.0,5533.0,54.0
HYDERABAD CENTRAL,MEHDIPATNAM,MEHDIPATNAM,SURYANAGAR,GRC HV SURYA NAGAR,EV CHARGING STATIONS,9,1,1.0,6218.0,21.0
HYDERABAD CENTRAL,MEHDIPATNAM,GOLCONDA,SHAIKPET,GRC CT METERS,EV CHARGING STATIONS,9,2,2.0,16121.0,104.0
HYDERABAD CENTRAL,MEHDIPATNAM,GOLCONDA,GOLCONDA,GRC HV GOLCONDA,EV CHARGING STATIONS,9,1,1.0,4963.0,54.0
HYDERABAD SOUTH,BEGUM BAZAR,TROOP BAZAR,PUTLI BOWLI,PUTHLIBOWLI GRC CT METERS,EV CHARGING STATIONS,9,1,1.0,0.0,54.0
HYDERABAD SOUTH,BEGUM BAZAR,SEETHARAM BAGH,DATTATREYA COLONY,GRCHV DATTACOLONY,EV CHARGING STATIONS,9,1,1.0,2994.0,18.0
HYDERABAD SOUTH,BEGUM BAZAR,TROOP BAZAR,TROOP BAZAR,GRC CT (SLI),EV CHARGING STATIONS,9,1,1.0,1392.0,54.0
HYDERABAD SOUTH,BEGUM BAZAR,BEGUM BAZAR,CHUDI BAZAR,GRCHV CHUDIBAZAR,EV CHARGING STATIONS,9,1,1.0,391.0,22.0
HYDERABAD SOUTH,CHARMINAR,FALAKNUMA,CHATRINAKA,GRC,EV CHARGING STATIONS,9,1,1.0,528.0,12.0
HYDERABAD SOUTH,CHARMINAR,CHARMINAR,HUSSAINI ALAM,GRC,EV CHARGING STATIONS,9,1,1.0,2648.0,17.0
HYDERABAD SOUTH,CHARMINAR,MIR ALAM,KISHANBAGH,BHARATH NAGAR,EV CHARGING STATIONS,9,1,1.0,0.0,5.0
HYDERABAD SOUTH,CHARMINAR,FALAKNUMA,FALAKNUMA,GRC,EV CHARGING STATIONS,9,1,1.0,1017.0,12.0
HYDERABAD SOUTH,CHARMINAR,CHARMINAR,MOGHAL PURA,GRC SERVICES,EV CHARGING STATIONS,9,1,1.0,3052.0,10.0
HYDERABAD SOUTH,CHARMINAR,MIR ALAM,ATTAPUR,CT METER,EV CHARGING STATIONS,9,2,2.0,5015.0,40.0
HYDERABAD SOUTH,CHARMINAR,MIR ALAM,ATTAPUR,GRC,EV CHARGING STATIONS,9,2,2.0,181.0,68.0
HYDERABAD SOUTH,ASMANGADH,SANTOSH NAGAR,SANTOSHNAGAR,TOTAL HV SERVICES,EV CHARGING STATIONS,9,1,1.0,420.0,54.0
HYDERABAD SOUTH,ASMANGADH,CHANCHALGUDA,CHANCHALGUDA,SHAH COLONY,EV CHARGING STATIONS,9,1,1.0,2864.0,12.0
MAHABOOBNAGAR,JADCHERLA,JADCHERLA,JADCHERLA RURAL,JADCHERLA,EV CHARGING STATIONS,9,2,2.0,2682.0,82.0
MAHABOOBNAGAR,JADCHERLA,JADCHERLA,ADDAKAL,KATARAM,EV CHARGING STATIONS,9,1,1.0,1385.0,54.0
MAHABOOBNAGAR,JADCHERLA,JADCHERLA,JADCHERLA RURAL,MACHARAM-J,EV CHARGING STATIONS,9,2,2.0,9878.0,104.0
MAHABOOBNAGAR,JADCHERLA,JADCHERLA,JADCHERLA RURAL,MALLABOINPALLY,EV CHARGING STATIONS,9,1,1.0,192.0,30.0
MAHABOOBNAGAR,JADCHERLA,JADCHERLA,BHOOTHPUR,ANNASAGAR,EV CHARGING STATIONS,9,1,,0.0,54.0
MAHABOOBNAGAR,JADCHERLA,RAJAPUR,BALANAGAR,BALANAGAR,EV CHARGING STATIONS,9,1,1.0,3211.0,52.0
MAHABOOBNAGAR,JADCHERLA,JADCHERLA,JADCHERLA,NAGASALA,EV CHARGING STATIONS,9,1,1.0,122.0,25.0
MAHABOOBNAGAR,JADCHERLA,RAJAPUR,BALANAGAR,KETHIREDDYPALLY,EV CHARGING STATIONS,9,1,1.0,0.0,25.0
MAHABOOBNAGAR,JADCHERLA,RAJAPUR,RAJAPUR,RANGAREDDYGUDA,EV CHARGING STATIONS,9,1,1.0,127.0,30.0
MAHABOOBNAGAR,MAHABOOBNAGAR,MBNR-TOWN,TOWN -III,TOWN - III  JA,EV CHARGING STATIONS,9,1,1.0,581.0,7.0
MAHABOOBNAGAR,MAHABOOBNAGAR,MBNR-TOWN,TOWN -III,TOWN - III -GA,EV CHARGING STATIONS,9,1,1.0,960.0,7.0
MAHABOOBNAGAR,MAHABOOBNAGAR,MBNR-TOWN,TOWN -III,TOWN - III -PE,EV CHARGING STATIONS,9,1,1.0,152.0,8.0
MAHABOOBNAGAR,MAHABOOBNAGAR,MBNR-TOWN,TOWN -III,TOWN-III AE,EV CHARGING STATIONS,9,1,1.0,718.0,30.0
MAHABOOBNAGAR,MAHABOOBNAGAR,MBNR-RURAL,C AND O,APPANNAPALLY,EV CHARGING STATIONS,9,1,1.0,300.0,7.0
MEDAK,TOOPRAN,TOOPRAN,KALKALL,MANOHARABAD,EV CHARGING STATIONS,9,1,1.0,2.0,54.0
MEDAK,TOOPRAN,TOOPRAN,KALKALL,MUPPUREDDYPALLY,EV CHARGING STATIONS,9,1,1.0,20.0,54.0
MEDAK,TOOPRAN,TOOPRAN,MASAIPET,MASAIPET,EV CHARGING STATIONS,9,1,1.0,17.0,53.0
MEDAK,TOOPRAN,RAMAYAMPET,NARSINGHI,VALLORE,EV CHARGING STATIONS,9,1,1.0,0.0,54.0
MEDAK,TOOPRAN,TOOPRAN,TOOPRAN,NAGULAPALLY,EV CHARGING STATIONS,9,1,1.0,16.0,54.0
MEDAK,TOOPRAN,TOOPRAN,TOOPRAN,TOOPRAN,EV CHARGING STATIONS,9,1,1.0,0.0,54.0
MEDCHAL,MEDCHAL,QUTBULLAPUR,GAJULARAMARAM,HIGH VALUE 1,EV CHARGING STATIONS,9,1,1.0,17.0,54.0
MEDCHAL,MEDCHAL,QUTBULLAPUR,KOMPALLY,KOMPALLY,EV CHARGING STATIONS,9,1,1.0,3.0,30.0
MEDCHAL,MEDCHAL,QUTBULLAPUR,KOMPALLY,KOMPALLY HV,EV CHARGING STATIONS,9,1,1.0,531.0,22.0
MEDCHAL,MEDCHAL,MEDCHAL,GUNDLAPOCHAMPALLY,HIGH VALUE,EV CHARGING STATIONS,9,1,,0.0,40.0
MEDCHAL,MEDCHAL,MEDCHAL,GUNDLAPOCHAMPALLY,KANDLAKOYA,EV CHARGING STATIONS,9,1,1.0,0.0,54.0
MEDCHAL,MEDCHAL,MEDCHAL,MEDCHAL RURAL,ATTIVELLY HV,EV CHARGING STATIONS,9,2,2.0,1972.0,75.0
MEDCHAL,MEDCHAL,QUTBULLAPUR,PETBASHEERABAD,PET BASHEERABAD,EV CHARGING STATIONS,9,1,,0.0,54.0
MEDCHAL,MEDCHAL,QUTBULLAPUR,JAGADGIRI GUTTA,DEVAMMA BASTHI,EV CHARGING STATIONS,9,1,1.0,0.0,2.0
MEDCHAL,MEDCHAL,SHAMEERPET,ALIABAD,THURKAPALLY,EV CHARGING STATIONS,9,2,2.0,813.0,108.0
MEDCHAL,MEDCHAL,QUTBULLAPUR,KOMPALLY,AMR ROAD CENTRAL PARK,EV CHARGING STATIONS,9,1,1.0,621.0,38.0
MEDCHAL,MEDCHAL,SHAMEERPET,SHAMEERPET,PEDDAMMA COLONY,EV CHARGING STATIONS,9,1,1.0,127.0,8.0
MEDCHAL,MEDCHAL,SHAMEERPET,SHAMEERPET,THUMUKUNTA,EV CHARGING STATIONS,9,1,1.0,315.0,30.0
MEDCHAL,MEDCHAL,QUTBULLAPUR,GAJULARAMARAM,MAHADEVAPURAM,EV CHARGING STATIONS,9,1,,0.0,54.0
MEDCHAL,KUKATPALLY,KUKATPALLY,KUKATPALLY,HVCT KKP,EV CHARGING STATIONS,9,1,1.0,1217.0,50.0
MEDCHAL,MEDCHAL,QUTBULLAPUR,QUTHBULLAPUR,QPUR VILLAGE AUTOSTAND,EV CHARGING STATIONS,9,1,1.0,0.0,2.0
MEDCHAL,MEDCHAL,QUTBULLAPUR,QUTHBULLAPUR,QUTHBULLAPUR,EV CHARGING STATIONS,9,1,1.0,707.0,54.0
MEDCHAL,KUKATPALLY,MIYAPUR,BACHUPALLY,CT&HV,EV CHARGING STATIONS,9,1,1.0,7.0,22.0
MEDCHAL,KUKATPALLY,MIYAPUR,HYDERNAGAR,B K ENCLAVE,EV CHARGING STATIONS,9,1,1.0,2442.0,5.0
MEDCHAL,KUKATPALLY,MIYAPUR,HYDERNAGAR,HYDERNAGAR CT METERS,EV CHARGING STATIONS,9,2,1.0,38.0,68.0
MEDCHAL,KUKATPALLY,MIYAPUR,HYDERNAGAR,MAYURI NAGAR,EV CHARGING STATIONS,9,1,1.0,0.0,2.0
MEDCHAL,KUKATPALLY,KUKATPALLY,ALLWYN COLONY,V. NAGAR,EV CHARGING STATIONS,9,1,1.0,3823.0,20.0
MEDCHAL,KUKATPALLY,MIYAPUR,MIYAPUR,MIYAPUR CT,EV CHARGING STATIONS,9,1,1.0,7102.0,54.0
MEDCHAL,KUKATPALLY,MIYAPUR,NIZAMPET,NIZAMPET CT,EV CHARGING STATIONS,9,1,1.0,753.0,45.0
MEDCHAL,KUKATPALLY,KUKATPALLY,KUKATPALLY, NON CT (KKP),EV CHARGING STATIONS,9,1,1.0,6773.0,22.0
MEDCHAL,KUKATPALLY,MIYAPUR,VEMANA COLONY,CTMETER,EV CHARGING STATIONS,9,1,1.0,3076.0,20.0
MEDCHAL,JEEDIMETLA,SHAPUR NAGAR,D P PALLY,GAGILLAPUR HV(GRP M),EV CHARGING STATIONS,9,1,1.0,0.0,54.0
MEDCHAL,JEEDIMETLA,JEEDIMETLA,JEEDIMETLA(IDA),I D A,EV CHARGING STATIONS,9,1,1.0,10.0,54.0
MEDCHAL,JEEDIMETLA,SHAPUR NAGAR,SHAPURNAGAR,IDA JEEDIMETLA,EV CHARGING STATIONS,9,1,1.0,2288.0,54.0
MEDCHAL,JEEDIMETLA,SHAPUR NAGAR,SHAPURNAGAR,PHASE-4 IDA JEEDIMETLA,EV CHARGING STATIONS,9,1,1.0,1368.0,54.0
MEDCHAL,JEEDIMETLA,JEEDIMETLA,BOWRAMPET,HV GM  TO SR X ROAD,EV CHARGING STATIONS,9,2,2.0,2175.0,99.0
NAGARKURNOOL,NAGARKURNOOL,ACHAMPET,AMARABAD,MANNANOOR,EV CHARGING STATIONS,9,1,1.0,14.0,54.0
NAGARKURNOOL,NAGARKURNOOL,ACHAMPET,ACHAMPET,CHANDAPUR,EV CHARGING STATIONS,9,1,1.0,4.0,54.0
NAGARKURNOOL,NAGARKURNOOL,KALWAKURTHY,VANGOOR,VELUMALA PALLY,EV CHARGING STATIONS,9,1,1.0,4354.0,54.0
NALGONDA,MIRYALGUDA,VEMULAPALLY,VEMULAPALLY,SETTI PALEM,EV CHARGING STATIONS,9,1,1.0,0.0,54.0
NALGONDA,MIRYALGUDA,VEMULAPALLY,MADUGULAPALLY,KOTTAGUDEM,EV CHARGING STATIONS,9,1,1.0,1278.0,25.0
NALGONDA,DEVARAKONDA,DEVARAKONDA,KONDA MALLEPALLY,SAGAR ROAD JP,EV CHARGING STATIONS,9,1,1.0,1196.0,30.0
NALGONDA,NALGONDA,NAKREKAL,KATTANGUR,PAMANGUNDLA,EV CHARGING STATIONS,9,2,2.0,201.0,48.0
NALGONDA,NALGONDA,NALGONDA,NALGONDA TOWN III,GANDHAMVARIGUDA,EV CHARGING STATIONS,9,1,1.0,52.0,25.0
NALGONDA,NALGONDA,NALGONDA,NALGONDA TOWN III,NALGONDA-DVK ROAD,EV CHARGING STATIONS,9,1,1.0,1174.0,30.0
NALGONDA,NALGONDA,NALGONDA RURAL,NARKETPALLY,GOPALAIPALLY,EV CHARGING STATIONS,9,1,1.0,6020.0,54.0
NALGONDA,NALGONDA,NALGONDA RURAL,NARKETPALLY,GOPLAIPALLY,EV CHARGING STATIONS,9,1,1.0,1605.0,54.0
NALGONDA,NALGONDA,NALGONDA RURAL,NARKETPALLY,NARKETPALLY TOWN2,EV CHARGING STATIONS,9,1,1.0,20.0,18.0
NALGONDA,NALGONDA,NALGONDA RURAL,CHITYAL,GUNDRAMPALLY,EV CHARGING STATIONS,9,2,2.0,0.0,50.0
NALGONDA,NALGONDA,NALGONDA RURAL,CHITYAL,PEDDAKAPARTHY,EV CHARGING STATIONS,9,3,3.0,5577.0,159.0
NALGONDA,NALGONDA,NALGONDA RURAL,CHITYAL,VATTIMARTHY,EV CHARGING STATIONS,9,1,1.0,2280.0,54.0
RAJENDRA NAGAR,RAJENDRA NAGAR,GAGANPAHAD,SHASTRIPURAM,SHASTRIPURAM,EV CHARGING STATIONS,9,1,1.0,0.0,5.0
RAJENDRA NAGAR,RAJENDRA NAGAR,SHAMSHABAD,SHAMSHABAD,NEW SHAMSHABAD,EV CHARGING STATIONS,9,1,1.0,182.0,49.0
RAJENDRA NAGAR,RAJENDRA NAGAR,GAGANPAHAD,GAGANPAHAD,GAGANPAHAD,EV CHARGING STATIONS,9,1,1.0,516.0,22.0
RAJENDRA NAGAR,RAJENDRA NAGAR,RAJENDRANAGAR,RAJENDERNAGAR,UPPER PALLY VILLAGE,EV CHARGING STATIONS,9,1,1.0,0.0,5.0
RAJENDRA NAGAR,RAJENDRA NAGAR,GAGANPAHAD,MD PALLY,E.BANDLAGUDA,EV CHARGING STATIONS,9,1,1.0,1617.0,49.0
RAJENDRA NAGAR,RAJENDRA NAGAR,GAGANPAHAD,MD PALLY,MAILRADEVPALLY,EV CHARGING STATIONS,9,1,1.0,8332.0,40.0
RAJENDRA NAGAR,RAJENDRA NAGAR,GAGANPAHAD,MD PALLY,URRAM GADDA,EV CHARGING STATIONS,9,1,1.0,4471.0,5.0
RAJENDRA NAGAR,KANDUKUR,MAMIDIPALLY,MAHESHWARAM,THUMMALOOR,EV CHARGING STATIONS,9,2,1.0,827.0,69.0
RAJENDRA NAGAR,KANDUKUR,AMANGAL,AMANGAL,AMANGAL(HV),EV CHARGING STATIONS,9,1,1.0,1442.0,59.0
RAJENDRA NAGAR,KANDUKUR,MAMIDIPALLY,KANDUKUR,HV-2,EV CHARGING STATIONS,9,1,1.0,43.0,15.0
RAJENDRA NAGAR,SHADNAGAR,SHADNAGAR,SHADNAGAR RURAL,CT METERS SDNR RURAL,EV CHARGING STATIONS,9,3,3.0,103.0,110.0
RAJENDRA NAGAR,KANDUKUR,MAMIDIPALLY,PAHADISHARIFF,MAMIDIPALLY,EV CHARGING STATIONS,9,1,1.0,588.0,54.0
RAJENDRA NAGAR,KANDUKUR,MAMIDIPALLY,MAHESHWARAM,IMAMGUDA,EV CHARGING STATIONS,9,1,1.0,113.0,15.0
RAJENDRA NAGAR,KANDUKUR,MAMIDIPALLY,BALAPUR,SHAHEEN NAGAR II,EV CHARGING STATIONS,9,1,1.0,0.0,15.0
RAJENDRA NAGAR,KANDUKUR,MAMIDIPALLY,MAHESHWARAM,SRINAGAR,EV CHARGING STATIONS,9,3,3.0,4590.0,138.0
SANGAREDDY,SANGAREDDY,ISNAPUR,ISNAPUR,ISNP HV-2,EV CHARGING STATIONS,9,3,,0.0,130.0
SANGAREDDY,SANGAREDDY,ISNAPUR,ISNAPUR,ISNP HV-4,EV CHARGING STATIONS,9,1,1.0,499.0,25.0
SANGAREDDY,JOGIPET,NARAYANKHED,NARAYANKHED,NARAYANKHED TOWN 2,EV CHARGING STATIONS,9,1,1.0,265.0,30.0
SANGAREDDY,SANGAREDDY,SADASIVPET,MUNIPALLY,KAMKOLE,EV CHARGING STATIONS,9,1,1.0,974.0,51.0
SANGAREDDY,SANGAREDDY,SADASIVPET,SADASIVPET,PEDDAPUR,EV CHARGING STATIONS,9,1,1.0,663.0,31.0
SANGAREDDY,SANGAREDDY,SADASIVPET,SADASIVPET,VIJAY JLM,EV CHARGING STATIONS,9,1,1.0,2146.0,54.0
SANGAREDDY,JOGIPET,JOGIPET,ANDOLE,ANDOLE,EV CHARGING STATIONS,9,1,1.0,147.0,30.0
SANGAREDDY,PATANCHERU,RC PURAM,M.I.G.,MIG HV,EV CHARGING STATIONS,9,1,1.0,8125.0,54.0
SANGAREDDY,SANGAREDDY,SADASIVPET,SADASIVPET RURAL,MADDIKUNTA,EV CHARGING STATIONS,9,1,1.0,0.0,54.0
SANGAREDDY,SANGAREDDY,SADASIVPET,KONDAPUR,KDPR HV 3,EV CHARGING STATIONS,9,2,2.0,420.0,60.0
SANGAREDDY,SANGAREDDY,SADASIVPET,SADASIVPET RURAL,SURARAM,EV CHARGING STATIONS,9,1,1.0,304.0,30.0
SANGAREDDY,SANGAREDDY,ISNAPUR,ISNAPUR,AKHIL FORM (CHITKUL),EV CHARGING STATIONS,9,1,1.0,0.0,7.0
SANGAREDDY,SANGAREDDY,ISNAPUR,ISNAPUR,CHITKUL VILLAGE(CHITKUL),EV CHARGING STATIONS,9,1,1.0,142.0,3.0
SANGAREDDY,ZAHEERABAD,ZAHEERABAD TOWN,KOHEER,DIGWAL,EV CHARGING STATIONS,9,1,1.0,369.0,30.0
SANGAREDDY,ZAHEERABAD,ZAHEERABAD TOWN,MANNAPUR,C T METERS,EV CHARGING STATIONS,9,2,2.0,838.0,79.0
SANGAREDDY,ZAHEERABAD,ZAHEERABAD TOWN,ZAHEERABAD RURAL,CT METERS,EV CHARGING STATIONS,9,1,1.0,2217.0,54.0
SANGAREDDY,SANGAREDDY,SANGAREDDY,KANDI,KANDI,EV CHARGING STATIONS,9,1,1.0,990.0,30.0
SANGAREDDY,SANGAREDDY,SANGAREDDY,KANDI,OLD KANDI,EV CHARGING STATIONS,9,1,,0.0,54.0
SANGAREDDY,SANGAREDDY,SANGAREDDY,SANGAREDDY TOWN-I,FASALWADI,EV CHARGING STATIONS,9,1,,0.0,54.0
SANGAREDDY,SANGAREDDY,SANGAREDDY,SANGAREDDY TOWN-I,HV-I,EV CHARGING STATIONS,9,1,1.0,232.0,30.0
SAROORNAGAR,IBRAHIMPATNAM,TURKAYAMJAL,ABDULLAPURMET,JAFFAR GUDA,EV CHARGING STATIONS,9,1,1.0,16.0,54.0
SAROORNAGAR,IBRAHIMPATNAM,TURKAYAMJAL,ABDULLAPURMET,KOTHA GUDA,EV CHARGING STATIONS,9,1,1.0,816.0,54.0
SAROORNAGAR,IBRAHIMPATNAM,TURKAYAMJAL,ABDULLAPURMET,OUTER RING ROAD,EV CHARGING STATIONS,9,1,1.0,13.0,54.0
SAROORNAGAR,IBRAHIMPATNAM,TURKAYAMJAL,TURKAYAMZAL,NADERGUL,EV CHARGING STATIONS,9,1,1.0,236.0,30.0
SAROORNAGAR,IBRAHIMPATNAM,TURKAYAMJAL,ABDULLAPURMET,ABDULLA PUR METT,EV CHARGING STATIONS,9,1,1.0,1960.0,54.0
SAROORNAGAR,IBRAHIMPATNAM,TURKAYAMJAL,ABDULLAPURMET,BATA SINGARAM,EV CHARGING STATIONS,9,1,1.0,0.0,30.0
SAROORNAGAR,CHAMPAPET,CHAMPAPET,CHAMPAPET,S N REDDY NAGAR,EV CHARGING STATIONS,9,1,1.0,655.0,30.0
SAROORNAGAR,SAROORNAGAR,L B NAGAR,BANDLAGUDA,ROCK TOWN-II,EV CHARGING STATIONS,9,1,1.0,1346.0,54.0
SAROORNAGAR,CHAMPAPET,CHAMPAPET,CHAMPAPET,SRINIVASACOLONY(L),EV CHARGING STATIONS,9,1,1.0,3993.0,5.0
SAROORNAGAR,SAROORNAGAR,L B NAGAR,BANDLAGUDA,SRINIVASA HILLS,EV CHARGING STATIONS,9,1,,0.0,54.0
SAROORNAGAR,SAROORNAGAR,L B NAGAR,BANDLAGUDA,TYAGA RAYA NAGAR,EV CHARGING STATIONS,9,1,1.0,476.0,54.0
SAROORNAGAR,SAROORNAGAR,L B NAGAR,BANDLAGUDA,VIJAYA GARDEN,EV CHARGING STATIONS,9,1,1.0,160.0,65.0
SAROORNAGAR,SAROORNAGAR,HAYATHNAGAR,AUTONAGAR,CHANDRAPURI COLONY,EV CHARGING STATIONS,9,1,1.0,7664.0,65.0
SAROORNAGAR,CHAMPAPET,VANASTHALIPURAM,VANASTHALIPURAM,NGO S COLONY,EV CHARGING STATIONS,9,2,2.0,3166.0,108.0
SAROORNAGAR,CHAMPAPET,VANASTHALIPURAM,VANASTHALIPURAM,NGOS COLONY SECTOR III,EV CHARGING STATIONS,9,1,1.0,320.0,54.0
SAROORNAGAR,CHAMPAPET,VANASTHALIPURAM,VANASTHALIPURAM,R.S.S.GROUNDS,EV CHARGING STATIONS,9,1,1.0,3243.0,54.0
SAROORNAGAR,SAROORNAGAR,HAYATHNAGAR,PEDDA AMBERPET,SAI COLONY,EV CHARGING STATIONS,9,1,1.0,82.0,22.0
SAROORNAGAR,SAROORNAGAR,SAROORNAGAR,RAMAKRISHNAPURAM,VIJAYA PURI,EV CHARGING STATIONS,9,2,2.0,11503.0,108.0
SAROORNAGAR,CHAMPAPET,VANASTHALIPURAM,VANASTHALIPURAM,"SECTOR-5,NGOS COLONY",EV CHARGING STATIONS,9,1,1.0,2518.0,54.0
SAROORNAGAR,CHAMPAPET,VANASTHALIPURAM,VANASTHALIPURAM,VIJAYAPURI COLONY PHASE - I,EV CHARGING STATIONS,9,1,1.0,1804.0,54.0
SAROORNAGAR,SAROORNAGAR,HAYATHNAGAR,AUTONAGAR,SRINIVASA NAGAR,EV CHARGING STATIONS,9,1,1.0,4960.0,21.0
SAROORNAGAR,SAROORNAGAR,L B NAGAR,L.B.NAGAR,HV-1,EV CHARGING STATIONS,9,1,1.0,2742.0,13.0
SAROORNAGAR,SAROORNAGAR,L B NAGAR,L.B.NAGAR,JINKALA BAVI,EV CHARGING STATIONS,9,1,1.0,773.0,54.0
SAROORNAGAR,SAROORNAGAR,L B NAGAR,L.B.NAGAR,KRISHNA NAGAR-,EV CHARGING STATIONS,9,1,1.0,0.0,7.0
SAROORNAGAR,SAROORNAGAR,SAROORNAGAR,SAROORNAGAR,VENKATESWARA COLON,EV CHARGING STATIONS,9,1,1.0,2240.0,12.0
SAROORNAGAR,SAROORNAGAR,L B NAGAR,L.B.NAGAR,MANIPURI & MASS COLONY,EV CHARGING STATIONS,9,1,1.0,0.0,13.0
SAROORNAGAR,SAROORNAGAR,L B NAGAR,L.B.NAGAR,S B H COLONY (V-1),EV CHARGING STATIONS,9,1,1.0,5386.0,54.0
SAROORNAGAR,SAROORNAGAR,HAYATHNAGAR,HAYATH NAGAR,R K PURAM,EV CHARGING STATIONS,9,1,1.0,0.0,30.0
SAROORNAGAR,SAROORNAGAR,L B NAGAR,BANDLAGUDA,ADARSHNAGAR COLONY,EV CHARGING STATIONS,9,1,1.0,3668.0,54.0
SAROORNAGAR,SAROORNAGAR,L B NAGAR,BANDLAGUDA,ARUNODAYA COLONY-II,EV CHARGING STATIONS,9,1,,0.0,54.0
SAROORNAGAR,CHAMPAPET,CHAMPAPET,CHAMPAPET,HV CPT SOUTH,EV CHARGING STATIONS,9,1,1.0,350.0,22.0
SAROORNAGAR,SAROORNAGAR,L B NAGAR,BANDLAGUDA,BANDLAGUDA,EV CHARGING STATIONS,9,1,1.0,362.0,18.0
SECUNDERABAD,PARADISE,JAMES STREET,CLOCK TOWER,GRC HV CLOCK TOWER,EV CHARGING STATIONS,9,1,1.0,1357.0,15.0
SECUNDERABAD,PARADISE,JAMES STREET,CLOCK TOWER,ONLY CT METERS,EV CHARGING STATIONS,9,2,2.0,2355.0,108.0
SECUNDERABAD,PARADISE,JAMES STREET,PARADISE,CT METERS,EV CHARGING STATIONS,9,1,,0.0,27.0
SECUNDERABAD,PARADISE,JAMES STREET,PARADISE,GRC HIGH VALUE  A,EV CHARGING STATIONS,9,1,1.0,172.0,10.0
SECUNDERABAD,PARADISE,PADMA RAO NAGAR,TARNAKA,C T METERS,EV CHARGING STATIONS,9,2,2.0,9980.0,94.0
SECUNDERABAD,PARADISE,PADMA RAO NAGAR,TARNAKA,GOKUL NAGAR,EV CHARGING STATIONS,9,1,1.0,139.0,5.0
SECUNDERABAD,BOWENPALLY,BALANAGAR,FEROZEGUDA,C.T.METER  GRC (GRP-M),EV CHARGING STATIONS,9,2,2.0,4214.0,107.0
SECUNDERABAD,BOWENPALLY,RR NAGAR,RANGA REDDY NAGAR,ASBESTOS CLY-II 415-812(GRP-B),EV CHARGING STATIONS,9,1,1.0,0.0,2.0
SECUNDERABAD,BOWENPALLY,RR NAGAR,RANGA REDDY NAGAR,GIRI NAGAR (GRP-B),EV CHARGING STATIONS,9,1,1.0,0.0,2.0
SECUNDERABAD,PARADISE,PADMA RAO NAGAR,TARNAKA,GRC HV TARNAKA,EV CHARGING STATIONS,9,1,1.0,3223.0,10.0
SECUNDERABAD,PARADISE,PADMA RAO NAGAR,TARNAKA,RAVINDERA NAGAR NORTH,EV CHARGING STATIONS,9,1,1.0,812.0,8.0
SECUNDERABAD,SECUNDERABAD,MAREDPALLY,KARKHANA,CT METERS KARKHANA (GRP-M),EV CHARGING STATIONS,9,1,1.0,1275.0,54.0
SECUNDERABAD,BOWENPALLY,BOWENPALLY,NEW BOWENPALLY,BORE-ST-GRC(AGL) (GRP-M),EV CHARGING STATIONS,9,1,1.0,4885.0,15.0
SECUNDERABAD,PARADISE,PADMA RAO NAGAR,LALLAGUDA,C T METERS,EV CHARGING STATIONS,9,1,,0.0,54.0
SECUNDERABAD,BOWENPALLY,BOWENPALLY,OLD BOWENPALLY,CT METERS (GRP-M),EV CHARGING STATIONS,9,1,1.0,2231.0,53.0
SECUNDERABAD,SECUNDERABAD,LALBAZAR,R.P. NILAYAM,HIGH VALVE-CT METERS (GRP-M),EV CHARGING STATIONS,9,2,2.0,144.0,107.0
SECUNDERABAD,SECUNDERABAD,MAREDPALLY,MARREDPALLY,CT METERS (GRP-M),EV CHARGING STATIONS,9,1,1.0,1627.0,54.0
SECUNDERABAD,PARADISE,PADMA RAO NAGAR,PADMARAO NAGAR,C T METERS,EV CHARGING STATIONS,9,1,1.0,11.0,54.0
SECUNDERABAD,SECUNDERABAD,LALBAZAR,BOLLARUM,CT METERS (GRP-M),EV CHARGING STATIONS,9,1,1.0,1078.0,54.0
SECUNDERABAD,SECUNDERABAD,LALBAZAR,BOLLARUM,GRC HIGH VALUE (GRP-M),EV CHARGING STATIONS,9,1,1.0,1789.0,10.0
SECUNDERABAD,SECUNDERABAD,MAREDPALLY,GYMKHANA,CT METERS (GRP-M),EV CHARGING STATIONS,9,1,1.0,3135.0,40.0
SECUNDERABAD,BOWENPALLY,RR NAGAR,I.D.P.L.,GEETA NGR &VINAYAK NGR (GRP-M),EV CHARGING STATIONS,9,2,2.0,6284.0,35.0
SECUNDERABAD,BOWENPALLY,RR NAGAR,I.D.P.L.,PRASHANTH NAGAR CLY (GRP-B),EV CHARGING STATIONS,9,2,2.0,94.0,4.0
SIDDIPET,GAJWEL,MULUGU,MULUGU,CH.TIMMAPUR,EV CHARGING STATIONS,9,1,1.0,22.0,54.0
SIDDIPET,GAJWEL,GAJWEL,GAJWEL,GAJWEL,EV CHARGING STATIONS,9,2,2.0,30.0,108.0
SIDDIPET,GAJWEL,MULUGU,WARGAL,GOWRARAM,EV CHARGING STATIONS,9,2,2.0,2390.0,108.0
SIDDIPET,SIDDIPET,SIDDIPET RURAL,SIDDIPET URBAN,PONNAL,EV CHARGING STATIONS,9,2,2.0,248.0,84.0
SIDDIPET,SIDDIPET,SIDDIPET TOWN,SIDDIPET TOWN-I,AE TOWN-1-HV,EV CHARGING STATIONS,9,1,1.0,20.0,54.0
SIDDIPET,GAJWEL,TUKKAPUR,KONDAPAK,THIMMAREDDY PALLY,EV CHARGING STATIONS,9,1,,0.0,54.0
SIDDIPET,GAJWEL,TUKKAPUR,KONDAPAK,VELKATTA,EV CHARGING STATIONS,9,1,,0.0,54.0
SIDDIPET,GAJWEL,GAJWEL,PREGNAPUR,KODAKANDLA,EV CHARGING STATIONS,9,1,1.0,21.0,54.0
SIDDIPET,SIDDIPET,SIDDIPET TOWN,SIDDIPET TOWN-I,RANGADAMPALLY-HV,EV CHARGING STATIONS,9,1,1.0,17.0,54.0
SIDDIPET,GAJWEL,GAJWEL,PREGNAPUR,RIMMANAGUDA,EV CHARGING STATIONS,9,3,3.0,3305.0,133.0
SIDDIPET,SIDDIPET,SIDDIPET TOWN,SIDDIPET TOWN-II,0144-LINEINESPECTER-1 HV,EV CHARGING STATIONS,9,1,1.0,1141.0,30.0
SURYAPET,SURYAPET,SURYAPET,SURYAPET RURAL,RAYANGUDEM,EV CHARGING STATIONS,9,4,4.0,14835.0,248.0
SURYAPET,SURYAPET,SURYAPET RURAL,CHIVEMLA,UNDRUGONDA,EV CHARGING STATIONS,9,1,1.0,23.0,54.0
SURYAPET,SURYAPET,SURYAPET,SURYAPET TOWN-I,LI A,EV CHARGING STATIONS,9,3,,0.0,162.0
SURYAPET,SURYAPET,SURYAPET,SURYAPET TOWN-I,LI B,EV CHARGING STATIONS,9,1,1.0,16.0,15.0
SURYAPET,SURYAPET,SURYAPET,SURYAPET TOWN-II,CT METER,EV CHARGING STATIONS,9,1,1.0,13.0,15.0
SURYAPET,HUZURNAGAR,HUZURNAGAR,HUZURNAGAR TOWN,REDDY BAZAR,EV CHARGING STATIONS,9,1,1.0,10.0,30.0
SURYAPET,SURYAPET,SURYAPET RURAL,CHIVEMLA,DURAJPALLY,EV CHARGING STATIONS,9,1,1.0,22.0,54.0
SURYAPET,SURYAPET,SURYAPET,SURYAPET RURAL,PILLALAMARRY,EV CHARGING STATIONS,9,1,1.0,13.0,18.0
SURYAPET,HUZURNAGAR,MUNAGALA,MUNAGALA,AKUPAMLA,EV CHARGING STATIONS,9,2,2.0,2915.0,113.0
SURYAPET,HUZURNAGAR,KODAD,KODAD - RURAL,DORAKUNTA,EV CHARGING STATIONS,9,1,1.0,17.0,18.0
SURYAPET,HUZURNAGAR,KODAD,KODAD - TOWN,33/11KV SS OUTDOOR BACK SIDE A,EV CHARGING STATIONS,9,1,1.0,620.0,30.0
WANAPARTHY,WANAPARTHY,KOTHAKOTA,KOTHAKOTA,AMADABAKULA,EV CHARGING STATIONS,9,1,1.0,19.0,54.0
WANAPARTHY,WANAPARTHY,KOTHAKOTA,KOTHAKOTA,KANIMETTA,EV CHARGING STATIONS,9,2,2.0,1520.0,80.0
WANAPARTHY,WANAPARTHY,KOTHAKOTA,KOTHAKOTA,MUMMALLAPALLY,EV CHARGING STATIONS,9,1,1.0,11.0,54.0
YADADRI,BHONGIR,BHONGIR,BHONGIR _ RURAL,RAIGIR ,EV CHARGING STATIONS,9,4,4.0,6473.0,188.0
YADADRI,BHONGIR,BHONGIR,BHONGIR _ RURAL,WADAIGUDAM,EV CHARGING STATIONS,9,1,1.0,335.0,55.0
YADADRI,BHONGIR,BHONGIR,BHONGIR - TOWN,BHONGIR(T),EV CHARGING STATIONS,9,1,1.0,0.0,54.0
YADADRI,BHONGIR,BHONGIR,BHONGIR - TOWN,HANUMAPUR,EV CHARGING STATIONS,9,1,1.0,0.0,54.0
YADADRI,BHONGIR,BHONGIR,BHONGIR - TOWN,PAGIDIPALLY,EV CHARGING STATIONS,9,2,2.0,0.0,108.0
YADADRI,BHONGIR,BHONGIR,BHONGIR - TOWN,SANJEEVA NAGAR HANMANWADA,EV CHARGING STATIONS,9,1,1.0,3722.0,54.0
YADADRI,CHOUTUPPAL,CHOUTUPPAL,CHOUTUPPAL,LINGOJI GUDEM,EV CHARGING STATIONS,9,1,1.0,88.0,40.0
